[DEFAULT]
gc_st=0.75

[server high]
baseline_request_p50=0.032
baseline_request_p99=0.090
baseline_request_p999=0.108
baseline_request_p9999=0.126
baseline_request_avg=0.0329644221380976

control_request_p50=0.006
control_request_p99=0.042
control_request_p999=0.074
control_request_p9999=0.104
control_request_avg=0.0074734410430839

[server low]
baseline_request_p50=0.007
baseline_request_p99=0.035
baseline_request_p999=0.044
baseline_request_p9999=0.049
baseline_request_avg=0.007621057616416732

control_request_p50=0.006
control_request_p99=0.008
control_request_p999=0.034
control_request_p9999=0.057
control_request_avg=0.006408795576291689
